,Time,Temperature,Dew Point,Humidity,Wind,Wind Speed,Wind Gust,Pressure,Precip.,Condition
0,12:43 AM,52 °F,39 °F,62 °%,NNW,5 °mph,0 °mph,23.13 °in,0.0 °in,Partly Cloudy
1,1:47 AM,52 °F,41 °F,67 °%,CALM,0 °mph,0 °mph,23.13 °in,0.0 °in,Fair
2,2:47 AM,50 °F,41 °F,71 °%,NE,6 °mph,0 °mph,23.11 °in,0.0 °in,Fair
3,3:47 AM,48 °F,41 °F,76 °%,NE,3 °mph,0 °mph,23.11 °in,0.0 °in,Fair
4,4:45 AM,48 °F,41 °F,76 °%,NE,6 °mph,0 °mph,23.10 °in,0.0 °in,Fair
5,5:46 AM,46 °F,41 °F,81 °%,CALM,0 °mph,0 °mph,23.11 °in,0.0 °in,Fair
6,6:45 AM,45 °F,41 °F,87 °%,E,6 °mph,0 °mph,23.12 °in,0.0 °in,Fair
7,7:44 AM,45 °F,39 °F,81 °%,E,6 °mph,0 °mph,23.14 °in,0.0 °in,Fair
8,8:36 AM,50 °F,41 °F,71 °%,ENE,3 °mph,0 °mph,23.15 °in,0.0 °in,Fair
9,8:41 AM,50 °F,41 °F,71 °%,ENE,3 °mph,0 °mph,23.15 °in,0.0 °in,Fair
10,9:06 AM,54 °F,41 °F,62 °%,CALM,0 °mph,0 °mph,23.16 °in,0.0 °in,Fair
11,9:46 AM,55 °F,41 °F,58 °%,SSE,5 °mph,0 °mph,23.16 °in,0.0 °in,Fair
12,10:02 AM,61 °F,41 °F,48 °%,CALM,0 °mph,0 °mph,23.17 °in,0.0 °in,Fair
13,10:45 AM,61 °F,41 °F,48 °%,N,3 °mph,0 °mph,23.16 °in,0.0 °in,Fair
14,11:48 AM,64 °F,37 °F,37 °%,ESE,6 °mph,0 °mph,23.14 °in,0.0 °in,Fair
15,11:49 AM,64 °F,37 °F,37 °%,SE,3 °mph,0 °mph,23.14 °in,0.0 °in,Fair
16,12:40 PM,66 °F,36 °F,32 °%,ENE,6 °mph,0 °mph,23.11 °in,0.0 °in,Fair
17,1:40 PM,68 °F,34 °F,28 °%,SE,7 °mph,0 °mph,23.07 °in,0.0 °in,Fair
18,2:28 PM,72 °F,34 °F,25 °%,W,9 °mph,0 °mph,23.06 °in,0.0 °in,Partly Cloudy
19,2:42 PM,70 °F,34 °F,27 °%,NNW,6 °mph,0 °mph,23.05 °in,0.0 °in,Mostly Cloudy
20,3:46 PM,70 °F,34 °F,27 °%,NW,5 °mph,0 °mph,23.04 °in,0.0 °in,Partly Cloudy
21,4:46 PM,68 °F,28 °F,23 °%,N,7 °mph,0 °mph,23.04 °in,0.0 °in,Mostly Cloudy
22,5:50 PM,68 °F,30 °F,24 °%,NW,3 °mph,0 °mph,23.04 °in,0.0 °in,Mostly Cloudy
23,6:41 PM,66 °F,32 °F,28 °%,NE,3 °mph,0 °mph,23.05 °in,0.0 °in,Mostly Cloudy
24,7:10 PM,64 °F,39 °F,40 °%,SE,13 °mph,24 °mph,23.06 °in,0.0 °in,Mostly Cloudy
25,7:46 PM,64 °F,39 °F,40 °%,ESE,9 °mph,0 °mph,23.07 °in,0.0 °in,Mostly Cloudy
26,8:42 PM,63 °F,41 °F,45 °%,SE,7 °mph,0 °mph,23.10 °in,0.0 °in,Mostly Cloudy
27,9:44 PM,61 °F,39 °F,45 °%,SE,6 °mph,0 °mph,23.11 °in,0.0 °in,Partly Cloudy
28,10:46 PM,59 °F,41 °F,51 °%,ESE,5 °mph,0 °mph,23.11 °in,0.0 °in,Mostly Cloudy
29,11:44 PM,59 °F,39 °F,48 °%,CALM,0 °mph,0 °mph,23.11 °in,0.0 °in,Partly Cloudy
