,Time,Temperature,Dew Point,Humidity,Wind,Wind Speed,Wind Gust,Pressure,Precip.,Condition
0,12:42 AM,54 °F,41 °F,62 °%,NNW,12 °mph,0 °mph,23.18 °in,0.0 °in,Mostly Cloudy
1,1:46 AM,52 °F,41 °F,67 °%,NNW,7 °mph,0 °mph,23.18 °in,0.0 °in,Mostly Cloudy
2,2:43 AM,52 °F,41 °F,67 °%,N,13 °mph,0 °mph,23.18 °in,0.0 °in,Mostly Cloudy
3,3:42 AM,50 °F,41 °F,71 °%,WNW,7 °mph,0 °mph,23.17 °in,0.0 °in,Partly Cloudy
4,4:44 AM,50 °F,41 °F,71 °%,NW,9 °mph,0 °mph,23.18 °in,0.0 °in,Mostly Cloudy
5,5:43 AM,50 °F,41 °F,71 °%,NNW,8 °mph,0 °mph,23.18 °in,0.0 °in,Mostly Cloudy
6,6:45 AM,50 °F,41 °F,71 °%,NW,7 °mph,0 °mph,23.20 °in,0.0 °in,Mostly Cloudy
7,7:49 AM,52 °F,41 °F,67 °%,NW,7 °mph,0 °mph,23.21 °in,0.0 °in,Partly Cloudy
8,8:48 AM,57 °F,39 °F,51 °%,N,7 °mph,0 °mph,23.23 °in,0.0 °in,Partly Cloudy
9,9:53 AM,55 °F,39 °F,54 °%,NE,9 °mph,0 °mph,23.23 °in,0.0 °in,Partly Cloudy
10,10:46 AM,57 °F,41 °F,55 °%,N,7 °mph,0 °mph,23.23 °in,0.0 °in,Partly Cloudy
11,11:50 AM,59 °F,39 °F,48 °%,NW,9 °mph,0 °mph,23.20 °in,0.0 °in,Mostly Cloudy
12,12:54 PM,59 °F,39 °F,48 °%,W,9 °mph,0 °mph,23.17 °in,0.0 °in,Mostly Cloudy
13,1:53 PM,61 °F,39 °F,45 °%,W,5 °mph,0 °mph,23.14 °in,0.0 °in,Mostly Cloudy
14,2:47 PM,63 °F,39 °F,42 °%,WNW,12 °mph,0 °mph,23.14 °in,0.0 °in,Mostly Cloudy
15,3:56 PM,64 °F,39 °F,40 °%,W,12 °mph,0 °mph,23.13 °in,0.0 °in,Partly Cloudy
16,4:53 PM,63 °F,39 °F,42 °%,NE,7 °mph,0 °mph,23.13 °in,0.0 °in,Mostly Cloudy
17,5:54 PM,61 °F,39 °F,45 °%,NNW,8 °mph,0 °mph,23.14 °in,0.0 °in,Mostly Cloudy
18,6:48 PM,59 °F,39 °F,48 °%,N,7 °mph,0 °mph,23.15 °in,0.0 °in,Partly Cloudy
19,7:41 PM,57 °F,41 °F,55 °%,NNE,9 °mph,0 °mph,23.16 °in,0.0 °in,Fair
20,8:47 PM,55 °F,41 °F,58 °%,W,7 °mph,0 °mph,23.18 °in,0.0 °in,Fair
21,9:42 PM,54 °F,41 °F,62 °%,WNW,9 °mph,0 °mph,23.20 °in,0.0 °in,Fair
22,10:43 PM,52 °F,39 °F,62 °%,WNW,7 °mph,0 °mph,23.20 °in,0.0 °in,Fair
23,11:45 PM,50 °F,39 °F,66 °%,WNW,6 °mph,0 °mph,23.20 °in,0.0 °in,Fair
