,Time,Temperature,Dew Point,Humidity,Wind,Wind Speed,Wind Gust,Pressure,Precip.,Condition
0,12:41 AM,61 °F,55 °F,82 °%,WNW,6 °mph,0 °mph,23.16 °in,0.0 °in,Light Rain
1,12:45 AM,61 °F,55 °F,82 °%,WNW,7 °mph,0 °mph,23.16 °in,0.0 °in,Light Rain
2,1:42 AM,59 °F,55 °F,88 °%,NW,6 °mph,0 °mph,23.14 °in,0.0 °in,Light Rain
3,2:44 AM,59 °F,54 °F,82 °%,W,3 °mph,0 °mph,23.12 °in,0.0 °in,Cloudy
4,2:46 AM,59 °F,54 °F,82 °%,W,3 °mph,0 °mph,23.12 °in,0.0 °in,Cloudy
5,3:43 AM,59 °F,54 °F,82 °%,S,5 °mph,0 °mph,23.11 °in,0.0 °in,Cloudy
6,4:42 AM,61 °F,54 °F,77 °%,SSE,5 °mph,0 °mph,23.11 °in,0.0 °in,Cloudy
7,5:46 AM,59 °F,54 °F,82 °%,NE,2 °mph,0 °mph,23.10 °in,0.0 °in,Cloudy
8,6:45 AM,59 °F,55 °F,88 °%,NE,5 °mph,0 °mph,23.11 °in,0.0 °in,Cloudy
9,7:44 AM,63 °F,55 °F,77 °%,ENE,3 °mph,0 °mph,23.12 °in,0.0 °in,Cloudy
10,8:44 AM,66 °F,55 °F,68 °%,N,3 °mph,0 °mph,23.14 °in,0.0 °in,Mostly Cloudy
11,9:41 AM,70 °F,55 °F,60 °%,E,8 °mph,0 °mph,23.14 °in,0.0 °in,Partly Cloudy
12,10:40 AM,72 °F,54 °F,53 °%,ENE,7 °mph,0 °mph,23.12 °in,0.0 °in,Mostly Cloudy
13,11:46 AM,75 °F,50 °F,41 °%,CALM,0 °mph,0 °mph,23.11 °in,0.0 °in,Mostly Cloudy
14,11:49 AM,77 °F,50 °F,39 °%,NNE,7 °mph,0 °mph,23.11 °in,0.0 °in,Mostly Cloudy
15,12:43 PM,77 °F,48 °F,36 °%,N,5 °mph,0 °mph,23.09 °in,0.0 °in,Mostly Cloudy
16,2:13 PM,75 °F,50 °F,41 °%,ENE,15 °mph,0 °mph,23.06 °in,0.0 °in,Light Rain
17,2:32 PM,73 °F,50 °F,44 °%,E,14 °mph,0 °mph,23.06 °in,0.0 °in,Mostly Cloudy
18,2:47 PM,73 °F,48 °F,41 °%,E,14 °mph,0 °mph,23.06 °in,0.0 °in,Mostly Cloudy
19,3:56 PM,72 °F,50 °F,46 °%,ENE,14 °mph,0 °mph,23.06 °in,0.0 °in,Mostly Cloudy
20,4:47 PM,70 °F,50 °F,49 °%,NNE,7 °mph,0 °mph,23.06 °in,0.0 °in,Mostly Cloudy
21,5:56 PM,68 °F,50 °F,52 °%,N,12 °mph,0 °mph,23.07 °in,0.0 °in,Mostly Cloudy
22,6:49 PM,66 °F,50 °F,56 °%,NW,9 °mph,0 °mph,23.09 °in,0.0 °in,Cloudy
23,7:51 PM,64 °F,52 °F,64 °%,N,9 °mph,0 °mph,23.11 °in,0.0 °in,Cloudy
24,8:53 PM,63 °F,55 °F,77 °%,N,12 °mph,0 °mph,23.13 °in,0.0 °in,Cloudy
25,9:14 PM,63 °F,55 °F,77 °%,NNE,17 °mph,0 °mph,23.14 °in,0.0 °in,Light Rain
26,9:24 PM,61 °F,54 °F,77 °%,NNE,18 °mph,0 °mph,23.14 °in,0.0 °in,Rain
27,9:38 PM,61 °F,55 °F,82 °%,ESE,12 °mph,0 °mph,23.15 °in,0.0 °in,Light Rain
28,9:49 PM,61 °F,54 °F,77 °%,E,6 °mph,0 °mph,23.15 °in,0.0 °in,Light Rain
29,10:24 PM,61 °F,54 °F,77 °%,CALM,0 °mph,0 °mph,23.16 °in,0.0 °in,Cloudy
30,10:45 PM,61 °F,54 °F,77 °%,CALM,0 °mph,0 °mph,23.17 °in,0.0 °in,Cloudy
31,11:33 PM,61 °F,54 °F,77 °%,CALM,0 °mph,0 °mph,23.17 °in,0.0 °in,Light Rain
32,11:49 PM,61 °F,54 °F,77 °%,SSW,7 °mph,0 °mph,23.17 °in,0.0 °in,Light Rain
