,Time,Temperature,Dew Point,Humidity,Wind,Wind Speed,Wind Gust,Pressure,Precip.,Condition
0,12:36 AM,66 °F,48 °F,52 °%,SSE,12 °mph,0 °mph,23.07 °in,0.0 °in,Mostly Cloudy
1,12:44 AM,68 °F,50 °F,52 °%,SSW,12 °mph,0 °mph,23.07 °in,0.0 °in,Mostly Cloudy
2,1:42 AM,68 °F,50 °F,52 °%,CALM,0 °mph,0 °mph,23.04 °in,0.0 °in,Mostly Cloudy
3,2:41 AM,64 °F,54 °F,68 °%,ENE,6 °mph,0 °mph,23.03 °in,0.0 °in,Fair
4,2:45 AM,63 °F,54 °F,72 °%,ENE,6 °mph,0 °mph,23.03 °in,0.0 °in,Fair
5,3:48 AM,63 °F,52 °F,68 °%,CALM,0 °mph,0 °mph,23.04 °in,0.0 °in,Fair
6,4:45 AM,63 °F,52 °F,68 °%,ENE,5 °mph,0 °mph,23.04 °in,0.0 °in,Fair
7,5:45 AM,63 °F,48 °F,59 °%,N,3 °mph,0 °mph,23.06 °in,0.0 °in,Fair
8,6:45 AM,64 °F,50 °F,59 °%,ENE,3 °mph,0 °mph,23.07 °in,0.0 °in,Fair
9,7:45 AM,68 °F,50 °F,52 °%,NE,5 °mph,0 °mph,23.09 °in,0.0 °in,Fair
10,8:45 AM,72 °F,50 °F,46 °%,E,5 °mph,0 °mph,23.10 °in,0.0 °in,Fair
11,9:45 AM,75 °F,46 °F,36 °%,ENE,5 °mph,0 °mph,23.10 °in,0.0 °in,Fair
12,10:37 AM,79 °F,46 °F,32 °%,E,5 °mph,0 °mph,23.10 °in,0.0 °in,Partly Cloudy
13,10:45 AM,81 °F,46 °F,30 °%,N,7 °mph,0 °mph,23.10 °in,0.0 °in,Partly Cloudy
14,11:45 AM,82 °F,46 °F,28 °%,WSW,7 °mph,0 °mph,23.07 °in,0.0 °in,Fair
15,12:45 PM,84 °F,46 °F,27 °%,ENE,8 °mph,0 °mph,23.06 °in,0.0 °in,Fair
16,1:45 PM,86 °F,43 °F,22 °%,NE,14 °mph,0 °mph,23.04 °in,0.0 °in,Fair
17,2:45 PM,88 °F,43 °F,21 °%,SE,7 °mph,0 °mph,23.01 °in,0.0 °in,Partly Cloudy
18,3:47 PM,90 °F,39 °F,17 °%,NE,9 °mph,0 °mph,22.99 °in,0.0 °in,Mostly Cloudy
19,4:43 PM,86 °F,45 °F,23 °%,NNE,17 °mph,0 °mph,22.98 °in,0.0 °in,Mostly Cloudy
20,4:50 PM,86 °F,45 °F,23 °%,NNE,17 °mph,0 °mph,22.98 °in,0.0 °in,Mostly Cloudy
21,5:30 PM,82 °F,50 °F,32 °%,ENE,26 °mph,0 °mph,22.99 °in,0.0 °in,Cloudy / Windy
22,5:40 PM,82 °F,50 °F,32 °%,NE,25 °mph,0 °mph,23.01 °in,0.0 °in,Cloudy / Windy
23,5:58 PM,79 °F,48 °F,34 °%,E,18 °mph,30 °mph,23.01 °in,0.0 °in,Cloudy
24,6:21 PM,75 °F,46 °F,36 °%,SE,16 °mph,28 °mph,23.01 °in,0.0 °in,Cloudy
25,6:45 PM,73 °F,45 °F,36 °%,SSE,14 °mph,25 °mph,23.04 °in,0.0 °in,Cloudy
26,7:22 PM,70 °F,43 °F,38 °%,SSW,14 °mph,0 °mph,23.07 °in,0.0 °in,Thunder in the Vicinity
27,7:50 PM,72 °F,45 °F,38 °%,SE,7 °mph,0 °mph,23.07 °in,0.0 °in,Thunder in the Vicinity
28,8:35 PM,75 °F,45 °F,34 °%,ESE,6 °mph,0 °mph,23.07 °in,0.0 °in,Cloudy
29,8:45 PM,75 °F,45 °F,34 °%,NNW,6 °mph,0 °mph,23.07 °in,0.0 °in,Cloudy
30,9:40 PM,75 °F,45 °F,34 °%,NNE,15 °mph,0 °mph,23.10 °in,0.0 °in,Mostly Cloudy
31,10:40 PM,73 °F,45 °F,36 °%,NE,12 °mph,0 °mph,23.11 °in,0.0 °in,Partly Cloudy
32,11:50 PM,72 °F,39 °F,31 °%,NNE,9 °mph,0 °mph,23.13 °in,0.0 °in,Fair
