,Time,Temperature,Dew Point,Humidity,Wind,Wind Speed,Wind Gust,Pressure,Precip.,Condition
0,11:40 PM,66 °F,55 °F,68 °%,CALM,0 °mph,0 °mph,23.12 °in,0.0 °in,Mostly Cloudy
1,3:40 AM,64 °F,54 °F,68 °%,ENE,5 °mph,0 °mph,23.09 °in,0.0 °in,Mostly Cloudy
2,4:40 AM,64 °F,55 °F,73 °%,ENE,6 °mph,0 °mph,23.10 °in,0.0 °in,Mostly Cloudy
3,6:40 AM,63 °F,57 °F,82 °%,E,3 °mph,0 °mph,23.11 °in,0.0 °in,Mostly Cloudy
4,7:45 AM,66 °F,57 °F,73 °%,CALM,0 °mph,0 °mph,23.13 °in,0.0 °in,Mostly Cloudy
5,8:50 AM,68 °F,55 °F,64 °%,S,3 °mph,0 °mph,23.14 °in,0.0 °in,Partly Cloudy
6,9:50 AM,72 °F,55 °F,57 °%,SE,3 °mph,0 °mph,23.15 °in,0.0 °in,Partly Cloudy
7,10:45 AM,73 °F,55 °F,53 °%,CALM,0 °mph,0 °mph,23.14 °in,0.0 °in,Partly Cloudy
8,11:45 AM,73 °F,52 °F,47 °%,CALM,0 °mph,0 °mph,23.12 °in,0.0 °in,Partly Cloudy
9,12:10 PM,77 °F,50 °F,39 °%,ESE,3 °mph,0 °mph,23.11 °in,0.0 °in,Partly Cloudy
10,12:42 PM,77 °F,48 °F,36 °%,NE,7 °mph,0 °mph,23.10 °in,0.0 °in,Partly Cloudy
11,1:50 PM,79 °F,48 °F,34 °%,ENE,7 °mph,0 °mph,23.07 °in,0.0 °in,Partly Cloudy
12,2:46 PM,81 °F,46 °F,30 °%,NE,5 °mph,0 °mph,23.05 °in,0.0 °in,Partly Cloudy
13,3:41 PM,79 °F,43 °F,28 °%,E,7 °mph,0 °mph,23.04 °in,0.0 °in,Mostly Cloudy
14,4:53 PM,79 °F,43 °F,28 °%,CALM,0 °mph,0 °mph,23.04 °in,0.0 °in,Mostly Cloudy
15,5:44 PM,75 °F,55 °F,50 °%,SE,9 °mph,0 °mph,23.04 °in,0.0 °in,Mostly Cloudy
16,5:51 PM,73 °F,55 °F,53 °%,E,12 °mph,0 °mph,23.04 °in,0.0 °in,Mostly Cloudy
17,6:47 PM,72 °F,55 °F,57 °%,SSE,12 °mph,0 °mph,23.07 °in,0.0 °in,Partly Cloudy
18,7:48 PM,70 °F,55 °F,60 °%,SE,7 °mph,0 °mph,23.08 °in,0.0 °in,Fair
19,8:51 PM,68 °F,55 °F,64 °%,ESE,7 °mph,0 °mph,23.10 °in,0.0 °in,Fair
20,9:47 PM,66 °F,57 °F,73 °%,E,10 °mph,0 °mph,23.11 °in,0.0 °in,Fair
