,Time,Temperature,Dew Point,Humidity,Wind,Wind Speed,Wind Gust,Pressure,Precip.,Condition
0,6:40 AM,63 °F,61 °F,94 °%,S,3 °mph,0 °mph,25.10 °in,0.0 °in,Mostly Cloudy
1,7:45 AM,68 °F,61 °F,78 °%,S,2 °mph,0 °mph,25.11 °in,0.0 °in,Partly Cloudy
2,8:45 AM,72 °F,59 °F,64 °%,CALM,0 °mph,0 °mph,25.10 °in,0.0 °in,Partly Cloudy
3,9:45 AM,75 °F,59 °F,57 °%,W,3 °mph,0 °mph,25.10 °in,0.0 °in,Partly Cloudy
4,10:48 AM,79 °F,61 °F,54 °%,SSE,3 °mph,0 °mph,25.08 °in,0.0 °in,Partly Cloudy
5,11:45 AM,79 °F,59 °F,51 °%,CALM,0 °mph,0 °mph,25.07 °in,0.0 °in,Mostly Cloudy
6,12:48 PM,82 °F,55 °F,39 °%,S,2 °mph,0 °mph,25.04 °in,0.0 °in,Partly Cloudy
7,1:50 PM,84 °F,54 °F,35 °%,S,5 °mph,0 °mph,25.01 °in,0.0 °in,Mostly Cloudy
8,2:45 PM,88 °F,48 °F,25 °%,SSE,5 °mph,0 °mph,25.00 °in,0.0 °in,Mostly Cloudy
9,3:41 PM,88 °F,54 °F,31 °%,S,6 °mph,0 °mph,24.97 °in,0.0 °in,Partly Cloudy
10,4:51 PM,86 °F,48 °F,27 °%,S,8 °mph,0 °mph,24.95 °in,0.0 °in,Partly Cloudy
11,5:48 PM,84 °F,50 °F,30 °%,SE,7 °mph,0 °mph,24.96 °in,0.0 °in,Mostly Cloudy
12,6:45 PM,81 °F,59 °F,48 °%,E,8 °mph,0 °mph,24.99 °in,0.0 °in,Cloudy
13,7:41 PM,79 °F,61 °F,54 °%,SE,6 °mph,0 °mph,25.02 °in,0.0 °in,Cloudy
14,9:31 PM,66 °F,55 °F,68 °%,NNE,22 °mph,0 °mph,25.10 °in,0.0 °in,Cloudy / Windy
