,Time,Temperature,Dew Point,Humidity,Wind,Wind Speed,Wind Gust,Pressure,Precip.,Condition
0,5:03 AM,59 °F,46 °F,63 °%,N,7 °mph,0 °mph,25.09 °in,0.0 °in,Mostly Cloudy
1,5:56 AM,59 °F,46 °F,63 °%,CALM,0 °mph,0 °mph,25.10 °in,0.0 °in,Mostly Cloudy
2,6:44 AM,59 °F,46 °F,63 °%,NNE,5 °mph,0 °mph,25.11 °in,0.0 °in,Mostly Cloudy
3,7:40 AM,59 °F,46 °F,63 °%,N,8 °mph,0 °mph,25.13 °in,0.0 °in,Mostly Cloudy
4,8:40 AM,63 °F,48 °F,59 °%,NE,3 °mph,0 °mph,25.14 °in,0.0 °in,Partly Cloudy
5,9:40 AM,68 °F,54 °F,60 °%,CALM,0 °mph,0 °mph,25.14 °in,0.0 °in,Fair
6,10:40 AM,72 °F,52 °F,50 °%,CALM,0 °mph,0 °mph,25.13 °in,0.0 °in,Fair
7,11:44 AM,75 °F,46 °F,36 °%,ESE,6 °mph,0 °mph,25.10 °in,0.0 °in,Fair
8,12:47 PM,81 °F,46 °F,30 °%,S,3 °mph,0 °mph,25.05 °in,0.0 °in,Partly Cloudy
9,1:51 PM,81 °F,43 °F,26 °%,S,3 °mph,0 °mph,25.01 °in,0.0 °in,Partly Cloudy
10,2:43 PM,82 °F,43 °F,25 °%,ESE,8 °mph,0 °mph,24.99 °in,0.0 °in,Partly Cloudy
11,3:45 PM,84 °F,43 °F,23 °%,S,5 °mph,0 °mph,24.98 °in,0.0 °in,Partly Cloudy
12,4:44 PM,84 °F,30 °F,14 °%,SSE,9 °mph,0 °mph,24.99 °in,0.0 °in,Partly Cloudy
13,5:45 PM,81 °F,46 °F,30 °%,S,14 °mph,0 °mph,24.99 °in,0.0 °in,Partly Cloudy
14,6:41 PM,75 °F,48 °F,38 °%,SE,13 °mph,0 °mph,25.02 °in,0.0 °in,Partly Cloudy
15,7:40 PM,72 °F,52 °F,50 °%,SSE,12 °mph,0 °mph,25.04 °in,0.0 °in,Fair
