,Time,Temperature,Dew Point,Humidity,Wind,Wind Speed,Wind Gust,Pressure,Precip.,Condition
0,6:42 AM,45 °F,39 °F,81 °%,N,9 °mph,0 °mph,25.17 °in,0.0 °in,Partly Cloudy
1,7:50 AM,50 °F,41 °F,71 °%,NNE,6 °mph,0 °mph,25.18 °in,0.0 °in,Partly Cloudy
2,8:43 AM,55 °F,39 °F,54 °%,N,3 °mph,0 °mph,25.19 °in,0.0 °in,Fair
3,9:49 AM,64 °F,41 °F,42 °%,ENE,3 °mph,0 °mph,25.19 °in,0.0 °in,Fair
4,10:41 AM,68 °F,39 °F,35 °%,ENE,3 °mph,0 °mph,25.17 °in,0.0 °in,Fair
5,11:48 AM,73 °F,41 °F,31 °%,CALM,0 °mph,0 °mph,25.13 °in,0.0 °in,Fair
6,12:45 PM,77 °F,39 °F,26 °%,CALM,0 °mph,0 °mph,25.10 °in,0.0 °in,Fair
7,1:45 PM,79 °F,36 °F,21 °%,S,7 °mph,0 °mph,25.06 °in,0.0 °in,Fair
8,2:45 PM,82 °F,30 °F,15 °%,ENE,5 °mph,0 °mph,25.05 °in,0.0 °in,Fair
9,3:46 PM,82 °F,32 °F,16 °%,S,2 °mph,0 °mph,25.03 °in,0.0 °in,Fair
10,4:45 PM,79 °F,36 °F,21 °%,NNW,9 °mph,0 °mph,25.04 °in,0.0 °in,Fair
11,5:45 PM,73 °F,39 °F,29 °%,NW,7 °mph,0 °mph,25.05 °in,0.0 °in,Partly Cloudy
12,6:48 PM,68 °F,39 °F,35 °%,N,7 °mph,0 °mph,25.08 °in,0.0 °in,Partly Cloudy
13,7:45 PM,66 °F,39 °F,37 °%,N,5 °mph,0 °mph,25.10 °in,0.0 °in,Partly Cloudy
