,Time,Temperature,Dew Point,Humidity,Wind,Wind Speed,Wind Gust,Pressure,Precip.,Condition
0,6:17 AM,55 °F,48 °F,77 °%,N,5 °mph,0 °mph,25.14 °in,0.0 °in,Partly Cloudy
1,6:52 AM,54 °F,46 °F,77 °%,CALM,0 °mph,0 °mph,25.15 °in,0.0 °in,Cloudy
2,7:49 AM,59 °F,48 °F,67 °%,N,8 °mph,0 °mph,25.16 °in,0.0 °in,Mostly Cloudy
3,8:52 AM,66 °F,50 °F,56 °%,N,5 °mph,0 °mph,25.16 °in,0.0 °in,Mostly Cloudy
4,9:45 AM,70 °F,50 °F,49 °%,CALM,0 °mph,0 °mph,25.16 °in,0.0 °in,Mostly Cloudy
5,10:47 AM,73 °F,48 °F,41 °%,SSE,6 °mph,0 °mph,25.13 °in,0.0 °in,Mostly Cloudy
6,11:45 AM,75 °F,52 °F,44 °%,SE,6 °mph,0 °mph,25.11 °in,0.0 °in,Partly Cloudy
7,12:46 PM,79 °F,48 °F,34 °%,SSW,3 °mph,0 °mph,25.07 °in,0.0 °in,Fair
8,1:41 PM,81 °F,50 °F,34 °%,CALM,0 °mph,0 °mph,25.04 °in,0.0 °in,Mostly Cloudy
9,2:49 PM,82 °F,48 °F,30 °%,SSE,6 °mph,0 °mph,25.02 °in,0.0 °in,Mostly Cloudy
10,3:46 PM,81 °F,50 °F,34 °%,SSW,6 °mph,0 °mph,25.01 °in,0.0 °in,Mostly Cloudy
11,4:40 PM,81 °F,46 °F,30 °%,S,3 °mph,0 °mph,25.02 °in,0.0 °in,Mostly Cloudy
12,5:48 PM,75 °F,54 °F,47 °%,SSE,14 °mph,0 °mph,25.05 °in,0.0 °in,Mostly Cloudy
13,6:40 PM,73 °F,52 °F,47 °%,SSE,9 °mph,0 °mph,25.08 °in,0.0 °in,Cloudy
14,7:46 PM,70 °F,50 °F,49 °%,SSE,6 °mph,0 °mph,25.12 °in,0.0 °in,Cloudy
