,Time,Temperature,Dew Point,Humidity,Wind,Wind Speed,Wind Gust,Pressure,Precip.,Condition
0,12:40 AM,45 °F,45 °F,100 °%,ESE,5 °mph,0 °mph,22.11 °in,0.0 °in,Mostly Cloudy
1,1:51 AM,52 °F,39 °F,62 °%,SSE,7 °mph,0 °mph,22.09 °in,0.0 °in,Mostly Cloudy
2,2:51 AM,45 °F,45 °F,100 °%,S,5 °mph,0 °mph,22.09 °in,0.0 °in,Partly Cloudy
3,3:50 AM,43 °F,39 °F,87 °%,S,7 °mph,0 °mph,22.07 °in,0.0 °in,Partly Cloudy
4,4:51 AM,43 °F,39 °F,87 °%,NE,3 °mph,0 °mph,22.08 °in,0.0 °in,Partly Cloudy
5,6:51 AM,41 °F,39 °F,93 °%,CALM,0 °mph,0 °mph,22.11 °in,0.0 °in,Partly Cloudy
6,7:40 AM,41 °F,39 °F,93 °%,WNW,3 °mph,0 °mph,22.11 °in,0.0 °in,Mostly Cloudy
7,8:49 AM,46 °F,45 °F,93 °%,NW,5 °mph,0 °mph,22.13 °in,0.0 °in,Mostly Cloudy
8,9:46 AM,54 °F,43 °F,67 °%,WNW,3 °mph,0 °mph,22.15 °in,0.0 °in,Partly Cloudy
9,10:37 AM,59 °F,43 °F,55 °%,WSW,6 °mph,0 °mph,22.14 °in,0.0 °in,Partly Cloudy
10,10:57 AM,61 °F,43 °F,52 °%,SW,7 °mph,0 °mph,22.14 °in,0.0 °in,Partly Cloudy
11,11:41 AM,61 °F,43 °F,52 °%,S,5 °mph,0 °mph,22.13 °in,0.0 °in,Mostly Cloudy
12,12:50 PM,63 °F,45 °F,52 °%,S,8 °mph,0 °mph,22.10 °in,0.0 °in,Mostly Cloudy
13,1:41 PM,66 °F,39 °F,37 °%,W,21 °mph,0 °mph,22.08 °in,0.0 °in,Mostly Cloudy / Windy
14,2:46 PM,63 °F,39 °F,42 °%,W,22 °mph,0 °mph,22.07 °in,0.0 °in,Mostly Cloudy / Windy
15,4:47 PM,59 °F,41 °F,51 °%,SW,17 °mph,0 °mph,22.08 °in,0.0 °in,Mostly Cloudy
16,5:49 PM,59 °F,41 °F,51 °%,WSW,8 °mph,0 °mph,22.10 °in,0.0 °in,Mostly Cloudy
17,6:45 PM,55 °F,43 °F,63 °%,WNW,8 °mph,0 °mph,22.11 °in,0.0 °in,Mostly Cloudy
18,7:44 PM,52 °F,43 °F,71 °%,NW,6 °mph,0 °mph,22.13 °in,0.0 °in,Partly Cloudy
19,8:41 PM,52 °F,43 °F,71 °%,W,6 °mph,0 °mph,22.13 °in,0.0 °in,Fair
20,9:42 PM,46 °F,43 °F,87 °%,NNW,8 °mph,0 °mph,22.15 °in,0.0 °in,Fair
21,10:44 PM,46 °F,45 °F,93 °%,CALM,0 °mph,0 °mph,22.15 °in,0.0 °in,Mostly Cloudy
22,11:41 PM,48 °F,45 °F,87 °%,NW,3 °mph,0 °mph,22.15 °in,0.0 °in,Mostly Cloudy
