,Time,Temperature,Dew Point,Humidity,Wind,Wind Speed,Wind Gust,Pressure,Precip.,Condition
0,12:52 AM,52 °F,39 °F,62 °%,CALM,0 °mph,0 °mph,22.19 °in,0.0 °in,Fair
1,1:46 AM,43 °F,37 °F,81 °%,NNE,6 °mph,0 °mph,22.19 °in,0.0 °in,Fair
2,2:56 AM,43 °F,37 °F,81 °%,ESE,3 °mph,0 °mph,22.16 °in,0.0 °in,Fair
3,3:51 AM,43 °F,36 °F,76 °%,CALM,0 °mph,0 °mph,22.16 °in,0.0 °in,Fair
4,4:49 AM,41 °F,36 °F,81 °%,ESE,5 °mph,0 °mph,22.16 °in,0.0 °in,Fair
5,5:56 AM,37 °F,34 °F,87 °%,E,3 °mph,0 °mph,22.16 °in,0.0 °in,Fair
6,6:52 AM,37 °F,34 °F,87 °%,CALM,0 °mph,0 °mph,22.18 °in,0.0 °in,Fair
7,7:46 AM,43 °F,36 °F,76 °%,CALM,0 °mph,0 °mph,22.20 °in,0.0 °in,Fair
8,8:46 AM,52 °F,37 °F,58 °%,CALM,0 °mph,0 °mph,22.21 °in,0.0 °in,Fair
9,9:46 AM,59 °F,39 °F,48 °%,WSW,5 °mph,0 °mph,22.22 °in,0.0 °in,Fair
10,10:46 AM,66 °F,36 °F,32 °%,S,7 °mph,0 °mph,22.21 °in,0.0 °in,Fair
11,11:47 AM,70 °F,28 °F,21 °%,ESE,10 °mph,0 °mph,22.19 °in,0.0 °in,Fair
12,12:46 PM,72 °F,28 °F,20 °%,CALM,0 °mph,0 °mph,22.17 °in,0.0 °in,Partly Cloudy
13,1:46 PM,70 °F,27 °F,20 °%,E,10 °mph,0 °mph,22.15 °in,0.0 °in,Partly Cloudy
14,2:50 PM,73 °F,37 °F,27 °%,SSE,14 °mph,0 °mph,22.13 °in,0.0 °in,Partly Cloudy
15,3:51 PM,72 °F,36 °F,27 °%,S,8 °mph,0 °mph,22.11 °in,0.0 °in,Partly Cloudy
16,4:49 PM,70 °F,37 °F,31 °%,S,12 °mph,0 °mph,22.12 °in,0.0 °in,Partly Cloudy
17,5:49 PM,66 °F,37 °F,35 °%,SSE,15 °mph,0 °mph,22.13 °in,0.0 °in,Partly Cloudy
18,6:50 PM,63 °F,37 °F,39 °%,SSE,12 °mph,0 °mph,22.16 °in,0.0 °in,Mostly Cloudy
19,7:49 PM,59 °F,37 °F,45 °%,SSE,6 °mph,0 °mph,22.18 °in,0.0 °in,Mostly Cloudy
20,8:52 PM,59 °F,45 °F,59 °%,CALM,0 °mph,0 °mph,22.20 °in,0.0 °in,Mostly Cloudy
21,9:46 PM,57 °F,46 °F,67 °%,NNW,8 °mph,0 °mph,22.21 °in,0.0 °in,Mostly Cloudy
22,10:47 PM,54 °F,46 °F,77 °%,WNW,6 °mph,0 °mph,22.22 °in,0.0 °in,Fair
23,11:55 PM,54 °F,46 °F,77 °%,WSW,3 °mph,0 °mph,22.22 °in,0.0 °in,Fair
