,Time,Temperature,Dew Point,Humidity,Wind,Wind Speed,Wind Gust,Pressure,Precip.,Condition
0,12:40 AM,52 °F,50 °F,94 °%,CALM,0 °mph,0 °mph,22.13 °in,0.0 °in,Partly Cloudy
1,1:40 AM,50 °F,48 °F,94 °%,CALM,0 °mph,0 °mph,22.12 °in,0.0 °in,Fair
2,2:40 AM,50 °F,48 °F,94 °%,CALM,0 °mph,0 °mph,22.12 °in,0.0 °in,Fair
3,3:41 AM,50 °F,48 °F,94 °%,CALM,0 °mph,0 °mph,22.11 °in,0.0 °in,Fair
4,4:41 AM,50 °F,46 °F,87 °%,CALM,0 °mph,0 °mph,22.11 °in,0.0 °in,Fair
5,5:41 AM,48 °F,46 °F,93 °%,CALM,0 °mph,0 °mph,22.13 °in,0.0 °in,Mostly Cloudy
6,6:40 AM,48 °F,46 °F,93 °%,SE,5 °mph,0 °mph,22.14 °in,0.0 °in,Mostly Cloudy
7,7:45 AM,54 °F,50 °F,88 °%,WSW,3 °mph,0 °mph,22.16 °in,0.0 °in,Fair
8,8:44 AM,59 °F,50 °F,72 °%,NNW,6 °mph,0 °mph,22.16 °in,0.0 °in,Cloudy
9,9:48 AM,63 °F,54 °F,72 °%,WNW,9 °mph,0 °mph,22.16 °in,0.0 °in,Cloudy
10,10:52 AM,68 °F,54 °F,60 °%,W,8 °mph,0 °mph,22.16 °in,0.0 °in,Cloudy
11,11:50 AM,70 °F,52 °F,53 °%,NW,9 °mph,0 °mph,22.14 °in,0.0 °in,Cloudy
12,12:45 PM,72 °F,50 °F,46 °%,W,12 °mph,0 °mph,22.12 °in,0.0 °in,Cloudy
13,1:44 PM,68 °F,50 °F,52 °%,W,7 °mph,0 °mph,22.11 °in,0.0 °in,Cloudy
14,2:49 PM,66 °F,48 °F,52 °%,W,9 °mph,0 °mph,22.11 °in,0.0 °in,Cloudy
15,3:46 PM,68 °F,43 °F,40 °%,NW,9 °mph,0 °mph,22.11 °in,0.0 °in,Cloudy
16,4:45 PM,66 °F,46 °F,49 °%,NNE,6 °mph,0 °mph,22.10 °in,0.0 °in,Cloudy
17,5:52 PM,66 °F,46 °F,49 °%,CALM,0 °mph,0 °mph,22.09 °in,0.0 °in,Cloudy
18,6:48 PM,64 °F,50 °F,59 °%,NW,8 °mph,0 °mph,22.11 °in,0.0 °in,Cloudy
19,7:46 PM,61 °F,50 °F,68 °%,N,6 °mph,0 °mph,22.12 °in,0.0 °in,Cloudy
20,8:40 PM,61 °F,52 °F,72 °%,WNW,6 °mph,0 °mph,22.13 °in,0.0 °in,Mostly Cloudy
21,9:41 PM,55 °F,50 °F,82 °%,CALM,0 °mph,0 °mph,22.15 °in,0.0 °in,Mostly Cloudy
22,10:49 PM,55 °F,52 °F,88 °%,SSE,5 °mph,0 °mph,22.14 °in,0.0 °in,Partly Cloudy
23,11:43 PM,54 °F,50 °F,88 °%,NW,16 °mph,0 °mph,22.16 °in,0.0 °in,Light Rain with Thunder
24,11:54 PM,52 °F,50 °F,94 °%,W,13 °mph,0 °mph,22.17 °in,0.0 °in,Light Rain with Thunder
