,Time,Temperature,Dew Point,Humidity,Wind,Wind Speed,Wind Gust,Pressure,Precip.,Condition
0,12:42 AM,57 °F,34 °F,41 °%,SW,3 °mph,0 °mph,25.06 °in,0.0 °in,Fair
1,1:41 AM,54 °F,36 °F,51 °%,ESE,7 °mph,0 °mph,25.05 °in,0.0 °in,Fair
2,2:43 AM,54 °F,36 °F,51 °%,SSE,3 °mph,0 °mph,25.05 °in,0.0 °in,Fair
3,3:41 AM,50 °F,34 °F,54 °%,CALM,0 °mph,0 °mph,25.04 °in,0.0 °in,Fair
4,4:41 AM,46 °F,34 °F,62 °%,CALM,0 °mph,0 °mph,25.05 °in,0.0 °in,Fair
5,5:44 AM,46 °F,34 °F,62 °%,CALM,0 °mph,0 °mph,25.04 °in,0.0 °in,Fair
6,6:48 AM,45 °F,34 °F,66 °%,S,3 °mph,0 °mph,25.05 °in,0.0 °in,Mostly Cloudy
7,7:49 AM,52 °F,37 °F,58 °%,CALM,0 °mph,0 °mph,25.06 °in,0.0 °in,Mostly Cloudy
8,8:47 AM,54 °F,36 °F,51 °%,NW,6 °mph,0 °mph,25.08 °in,0.0 °in,Mostly Cloudy
9,9:50 AM,64 °F,37 °F,37 °%,CALM,0 °mph,0 °mph,25.10 °in,0.0 °in,Mostly Cloudy
10,10:45 AM,72 °F,37 °F,29 °%,NE,3 °mph,0 °mph,25.10 °in,0.0 °in,Partly Cloudy
11,11:40 AM,75 °F,32 °F,21 °%,ENE,7 °mph,0 °mph,25.08 °in,0.0 °in,Fair
12,12:48 PM,79 °F,32 °F,18 °%,SE,12 °mph,0 °mph,25.05 °in,0.0 °in,Fair
13,1:52 PM,82 °F,30 °F,15 °%,E,12 °mph,0 °mph,25.02 °in,0.0 °in,Fair
14,2:40 PM,84 °F,32 °F,15 °%,E,13 °mph,0 °mph,24.99 °in,0.0 °in,Fair
15,3:40 PM,84 °F,30 °F,14 °%,S,6 °mph,0 °mph,24.99 °in,0.0 °in,Fair
16,4:44 PM,84 °F,28 °F,13 °%,S,10 °mph,0 °mph,24.98 °in,0.0 °in,Fair
17,5:43 PM,84 °F,28 °F,13 °%,SSW,12 °mph,0 °mph,24.98 °in,0.0 °in,Fair
18,6:42 PM,79 °F,30 °F,17 °%,SSE,6 °mph,0 °mph,24.99 °in,0.0 °in,Fair
19,7:44 PM,73 °F,32 °F,22 °%,ESE,6 °mph,0 °mph,25.00 °in,0.0 °in,Fair
20,8:46 PM,70 °F,32 °F,25 °%,CALM,0 °mph,0 °mph,25.04 °in,0.0 °in,Fair
21,9:40 PM,72 °F,37 °F,29 °%,N,7 °mph,0 °mph,25.06 °in,0.0 °in,Fair
22,10:41 PM,66 °F,39 °F,37 °%,ESE,5 °mph,0 °mph,25.09 °in,0.0 °in,Fair
23,11:42 PM,63 °F,37 °F,39 °%,CALM,0 °mph,0 °mph,25.10 °in,0.0 °in,Fair
