,Time,Temperature,Dew Point,Humidity,Wind,Wind Speed,Wind Gust,Pressure,Precip.,Condition
0,12:56 AM,61 °F,43 °F,52 °%,CALM,0 °mph,0 °mph,25.15 °in,0.0 °in,Mostly Cloudy
1,1:51 AM,59 °F,43 °F,55 °%,CALM,0 °mph,0 °mph,25.15 °in,0.0 °in,Mostly Cloudy
2,2:42 AM,61 °F,41 °F,48 °%,CALM,0 °mph,0 °mph,25.13 °in,0.0 °in,Mostly Cloudy
3,3:47 AM,61 °F,43 °F,52 °%,CALM,0 °mph,0 °mph,25.12 °in,0.0 °in,Mostly Cloudy
4,4:43 AM,61 °F,43 °F,52 °%,ESE,5 °mph,0 °mph,25.12 °in,0.0 °in,Mostly Cloudy
5,5:46 AM,59 °F,45 °F,59 °%,CALM,0 °mph,0 °mph,25.15 °in,0.0 °in,Mostly Cloudy
6,6:40 AM,59 °F,45 °F,59 °%,CALM,0 °mph,0 °mph,25.14 °in,0.0 °in,Mostly Cloudy
7,7:51 AM,57 °F,46 °F,67 °%,CALM,0 °mph,0 °mph,25.17 °in,0.0 °in,Cloudy
8,8:46 AM,57 °F,46 °F,67 °%,CALM,0 °mph,0 °mph,25.18 °in,0.0 °in,Cloudy
9,9:51 AM,63 °F,46 °F,55 °%,CALM,0 °mph,0 °mph,25.18 °in,0.0 °in,Cloudy
10,10:51 AM,64 °F,45 °F,49 °%,CALM,0 °mph,0 °mph,25.18 °in,0.0 °in,Cloudy
11,11:52 AM,66 °F,43 °F,43 °%,CALM,0 °mph,0 °mph,25.18 °in,0.0 °in,Cloudy
12,12:43 PM,68 °F,43 °F,40 °%,CALM,0 °mph,0 °mph,25.17 °in,0.0 °in,Cloudy
13,1:42 PM,70 °F,45 °F,40 °%,CALM,0 °mph,0 °mph,25.13 °in,0.0 °in,Cloudy
14,2:42 PM,72 °F,43 °F,35 °%,CALM,0 °mph,0 °mph,25.11 °in,0.0 °in,Cloudy
15,3:42 PM,72 °F,39 °F,31 °%,CALM,0 °mph,0 °mph,25.10 °in,0.0 °in,Cloudy
16,4:42 PM,72 °F,37 °F,29 °%,E,3 °mph,0 °mph,25.10 °in,0.0 °in,Cloudy
17,5:50 PM,72 °F,37 °F,29 °%,CALM,0 °mph,0 °mph,25.11 °in,0.0 °in,Mostly Cloudy
18,6:42 PM,63 °F,45 °F,52 °%,CALM,0 °mph,0 °mph,25.11 °in,0.0 °in,Mostly Cloudy
19,7:41 PM,61 °F,43 °F,52 °%,CALM,0 °mph,0 °mph,25.12 °in,0.0 °in,Mostly Cloudy
20,8:46 PM,59 °F,43 °F,55 °%,CALM,0 °mph,0 °mph,25.15 °in,0.0 °in,Partly Cloudy
21,9:47 PM,55 °F,43 °F,63 °%,CALM,0 °mph,0 °mph,25.16 °in,0.0 °in,Partly Cloudy
22,10:45 PM,55 °F,45 °F,67 °%,CALM,0 °mph,0 °mph,25.16 °in,0.0 °in,Partly Cloudy
23,11:43 PM,55 °F,45 °F,67 °%,CALM,0 °mph,0 °mph,25.16 °in,0.0 °in,Partly Cloudy
