,Time,Temperature,Dew Point,Humidity,Wind,Wind Speed,Wind Gust,Pressure,Precip.,Condition
0,12:42 AM,68 °F,64 °F,88 °%,W,5 °mph,0 °mph,25.13 °in,0.0 °in,Mostly Cloudy
1,1:41 AM,68 °F,66 °F,94 °%,CALM,0 °mph,0 °mph,25.12 °in,0.0 °in,Cloudy
2,2:43 AM,68 °F,66 °F,94 °%,WNW,3 °mph,0 °mph,25.11 °in,0.0 °in,Cloudy
3,3:40 AM,68 °F,66 °F,94 °%,CALM,0 °mph,0 °mph,25.11 °in,0.0 °in,Cloudy
4,4:41 AM,68 °F,66 °F,94 °%,CALM,0 °mph,0 °mph,25.13 °in,0.0 °in,Mostly Cloudy
5,5:48 AM,66 °F,61 °F,83 °%,E,9 °mph,0 °mph,25.11 °in,0.0 °in,Cloudy
6,6:43 AM,63 °F,59 °F,88 °%,E,3 °mph,0 °mph,25.12 °in,0.0 °in,Cloudy
7,7:47 AM,64 °F,61 °F,88 °%,NNE,3 °mph,0 °mph,25.13 °in,0.0 °in,Mostly Cloudy
8,8:45 AM,66 °F,61 °F,83 °%,CALM,0 °mph,0 °mph,25.15 °in,0.0 °in,Mostly Cloudy
9,9:42 AM,68 °F,61 °F,78 °%,E,6 °mph,0 °mph,25.16 °in,0.0 °in,Cloudy
10,10:41 AM,72 °F,61 °F,69 °%,SE,5 °mph,0 °mph,25.16 °in,0.0 °in,Mostly Cloudy
11,11:54 AM,73 °F,61 °F,65 °%,SSE,5 °mph,0 °mph,25.13 °in,0.0 °in,Partly Cloudy
12,12:49 PM,77 °F,63 °F,61 °%,CALM,0 °mph,0 °mph,25.12 °in,0.0 °in,Partly Cloudy
13,1:45 PM,79 °F,63 °F,57 °%,S,7 °mph,0 °mph,25.08 °in,0.0 °in,Partly Cloudy
14,2:43 PM,70 °F,63 °F,78 °%,SW,10 °mph,0 °mph,25.07 °in,0.0 °in,Mostly Cloudy
15,3:01 PM,75 °F,64 °F,69 °%,CALM,0 °mph,0 °mph,25.06 °in,0.0 °in,Mostly Cloudy
16,3:43 PM,79 °F,63 °F,57 °%,CALM,0 °mph,0 °mph,25.03 °in,0.0 °in,Mostly Cloudy
17,4:42 PM,81 °F,63 °F,54 °%,CALM,0 °mph,0 °mph,25.01 °in,0.0 °in,Mostly Cloudy
18,5:41 PM,75 °F,63 °F,65 °%,W,6 °mph,0 °mph,25.01 °in,0.0 °in,Mostly Cloudy
19,6:44 PM,72 °F,64 °F,78 °%,W,6 °mph,0 °mph,25.05 °in,0.0 °in,Mostly Cloudy
20,7:42 PM,70 °F,63 °F,78 °%,SW,3 °mph,0 °mph,25.06 °in,0.0 °in,Mostly Cloudy
21,8:44 PM,68 °F,61 °F,78 °%,CALM,0 °mph,0 °mph,25.09 °in,0.0 °in,Mostly Cloudy
22,9:46 PM,66 °F,63 °F,88 °%,CALM,0 °mph,0 °mph,25.10 °in,0.0 °in,Mostly Cloudy
23,10:42 PM,68 °F,64 °F,88 °%,CALM,0 °mph,0 °mph,25.10 °in,0.0 °in,Mostly Cloudy
24,11:47 PM,68 °F,64 °F,88 °%,CALM,0 °mph,0 °mph,25.11 °in,0.0 °in,Mostly Cloudy
