,Time,Temperature,Dew Point,Humidity,Wind,Wind Speed,Wind Gust,Pressure,Precip.,Condition
0,12:41 AM,57 °F,48 °F,72 °%,CALM,0 °mph,0 °mph,25.12 °in,0.0 °in,Fair
1,1:44 AM,55 °F,48 °F,77 °%,CALM,0 °mph,0 °mph,25.12 °in,0.0 °in,Partly Cloudy
2,2:42 AM,55 °F,48 °F,77 °%,CALM,0 °mph,0 °mph,25.11 °in,0.0 °in,Partly Cloudy
3,3:41 AM,54 °F,48 °F,82 °%,CALM,0 °mph,0 °mph,25.11 °in,0.0 °in,Partly Cloudy
4,4:44 AM,54 °F,48 °F,82 °%,CALM,0 °mph,0 °mph,25.11 °in,0.0 °in,Partly Cloudy
5,7:55 AM,52 °F,48 °F,88 °%,CALM,0 °mph,0 °mph,25.13 °in,0.0 °in,Mostly Cloudy
6,10:48 AM,70 °F,52 °F,53 °%,S,6 °mph,0 °mph,25.15 °in,0.0 °in,Partly Cloudy
7,11:55 AM,73 °F,48 °F,41 °%,CALM,0 °mph,0 °mph,25.13 °in,0.0 °in,Partly Cloudy
8,12:53 PM,73 °F,46 °F,38 °%,CALM,0 °mph,0 °mph,25.10 °in,0.0 °in,Partly Cloudy
9,1:50 PM,79 °F,39 °F,24 °%,SSE,10 °mph,0 °mph,25.07 °in,0.0 °in,Partly Cloudy
10,2:45 PM,79 °F,43 °F,28 °%,CALM,0 °mph,0 °mph,25.05 °in,0.0 °in,Mostly Cloudy
11,3:43 PM,77 °F,39 °F,26 °%,CALM,0 °mph,0 °mph,25.04 °in,0.0 °in,Mostly Cloudy
12,4:42 PM,77 °F,41 °F,28 °%,W,10 °mph,0 °mph,25.05 °in,0.0 °in,Mostly Cloudy
13,5:40 PM,73 °F,43 °F,33 °%,SSW,9 °mph,0 °mph,25.06 °in,0.0 °in,Mostly Cloudy
14,6:42 PM,68 °F,43 °F,40 °%,S,3 °mph,0 °mph,25.08 °in,0.0 °in,Partly Cloudy
15,7:43 PM,63 °F,43 °F,48 °%,W,3 °mph,0 °mph,25.10 °in,0.0 °in,Fair
16,8:40 PM,61 °F,45 °F,55 °%,W,3 °mph,0 °mph,25.11 °in,0.0 °in,Fair
17,9:42 PM,55 °F,45 °F,67 °%,CALM,0 °mph,0 °mph,25.13 °in,0.0 °in,Fair
18,10:43 PM,55 °F,43 °F,63 °%,CALM,0 °mph,0 °mph,25.13 °in,0.0 °in,Fair
19,11:47 PM,54 °F,45 °F,72 °%,SSW,3 °mph,0 °mph,25.13 °in,0.0 °in,Fair
