,Time,Temperature,Dew Point,Humidity,Wind,Wind Speed,Wind Gust,Pressure,Precip.,Condition
0,4:53 AM,77 °F,77 °F,100 °%,NE,6 °mph,0 °mph,29.78 °in,0.0 °in,Mostly Cloudy
1,5:45 AM,79 °F,77 °F,94 °%,NE,5 °mph,0 °mph,29.79 °in,0.0 °in,Mostly Cloudy
2,6:46 AM,81 °F,75 °F,84 °%,NE,6 °mph,0 °mph,29.81 °in,0.0 °in,Mostly Cloudy
3,7:42 AM,82 °F,75 °F,79 °%,NNE,6 °mph,0 °mph,29.83 °in,0.0 °in,Mostly Cloudy
4,8:44 AM,86 °F,73 °F,66 °%,NE,7 °mph,0 °mph,29.84 °in,0.0 °in,Partly Cloudy
5,9:41 AM,88 °F,73 °F,62 °%,NNE,7 °mph,0 °mph,29.83 °in,0.0 °in,Mostly Cloudy
6,10:40 AM,90 °F,73 °F,59 °%,N,8 °mph,0 °mph,29.83 °in,0.0 °in,Fair
7,11:40 AM,93 °F,73 °F,52 °%,CALM,0 °mph,0 °mph,29.81 °in,0.0 °in,Mostly Cloudy
8,12:41 PM,95 °F,72 °F,47 °%,N,8 °mph,0 °mph,29.78 °in,0.0 °in,Mostly Cloudy
9,1:41 PM,95 °F,73 °F,49 °%,N,9 °mph,0 °mph,29.76 °in,0.0 °in,Mostly Cloudy
10,2:42 PM,95 °F,73 °F,49 °%,N,9 °mph,0 °mph,29.76 °in,0.0 °in,Mostly Cloudy
11,3:40 PM,97 °F,73 °F,47 °%,NW,6 °mph,0 °mph,29.71 °in,0.0 °in,Partly Cloudy
12,4:45 PM,97 °F,73 °F,47 °%,W,12 °mph,0 °mph,29.71 °in,0.0 °in,Partly Cloudy
13,5:52 PM,93 °F,73 °F,52 °%,W,12 °mph,0 °mph,29.72 °in,0.0 °in,Partly Cloudy
14,6:40 PM,90 °F,72 °F,55 °%,WNW,7 °mph,0 °mph,29.71 °in,0.0 °in,Partly Cloudy
15,7:40 PM,88 °F,73 °F,62 °%,SW,6 °mph,0 °mph,29.73 °in,0.0 °in,Partly Cloudy
16,8:40 PM,88 °F,75 °F,66 °%,WNW,6 °mph,0 °mph,29.74 °in,0.0 °in,Partly Cloudy
17,9:40 PM,86 °F,77 °F,74 °%,CALM,0 °mph,0 °mph,29.75 °in,0.0 °in,Partly Cloudy
