,Time,Temperature,Dew Point,Humidity,Wind,Wind Speed,Wind Gust,Pressure,Precip.,Condition
0,12:44 AM,70 °F,59 °F,68 °%,CALM,0 °mph,0 °mph,29.67 °in,0.0 °in,Fair
1,5:10 AM,68 °F,52 °F,56 °%,CALM,0 °mph,0 °mph,29.69 °in,0.0 °in,Fair
2,5:45 AM,68 °F,57 °F,68 °%,NNE,3 °mph,0 °mph,29.69 °in,0.0 °in,Fair
3,7:10 AM,73 °F,57 °F,57 °%,CALM,0 °mph,0 °mph,29.73 °in,0.0 °in,Fair
4,7:45 AM,81 °F,57 °F,45 °%,CALM,0 °mph,0 °mph,29.73 °in,0.0 °in,Fair
5,8:40 AM,86 °F,54 °F,33 °%,CALM,0 °mph,0 °mph,29.74 °in,0.0 °in,Fair
6,9:45 AM,90 °F,54 °F,29 °%,CALM,0 °mph,0 °mph,29.73 °in,0.0 °in,Fair
7,10:44 AM,95 °F,54 °F,25 °%,W,3 °mph,0 °mph,29.72 °in,0.0 °in,Fair
8,11:45 AM,99 °F,50 °F,19 °%,WNW,12 °mph,0 °mph,29.70 °in,0.0 °in,Partly Cloudy
9,12:40 PM,99 °F,52 °F,21 °%,WNW,9 °mph,0 °mph,29.67 °in,0.0 °in,Partly Cloudy
10,1:44 PM,97 °F,54 °F,23 °%,W,9 °mph,0 °mph,29.66 °in,0.0 °in,Mostly Cloudy
11,2:40 PM,97 °F,55 °F,25 °%,WNW,12 °mph,0 °mph,29.65 °in,0.0 °in,Mostly Cloudy
12,3:40 PM,97 °F,46 °F,18 °%,WNW,14 °mph,0 °mph,29.63 °in,0.0 °in,Mostly Cloudy
13,4:40 PM,95 °F,55 °F,26 °%,WNW,10 °mph,0 °mph,29.61 °in,0.0 °in,Mostly Cloudy
14,5:42 PM,91 °F,59 °F,34 °%,W,7 °mph,0 °mph,29.61 °in,0.0 °in,Partly Cloudy
15,6:40 PM,88 °F,63 °F,43 °%,W,6 °mph,0 °mph,29.61 °in,0.0 °in,Mostly Cloudy
16,7:41 PM,84 °F,64 °F,51 °%,WSW,5 °mph,0 °mph,29.63 °in,0.0 °in,Mostly Cloudy
17,8:41 PM,81 °F,63 °F,54 °%,CALM,0 °mph,0 °mph,29.64 °in,0.0 °in,Mostly Cloudy
18,9:42 PM,79 °F,64 °F,61 °%,SSW,5 °mph,0 °mph,29.66 °in,0.0 °in,Mostly Cloudy
